0.13813233793437713, -4.2781253794113346e-17
0.1362138941367794, 0.025022705158723776
0.13621389413677945, -0.025022705158723745
-0.1338221382719609, 0.04132869856158788
-0.13382213827196152, -0.04132869856158795
-0.08163910038477376, 0.11757693629407207
-0.08163910038477389, -0.11757693629407234
-0.11610660525620314, 0.08426332248461144
-0.11610660525620349, -0.08426332248461163
-0.14467585810822087, -2.4076207571616477e-16
0.06785248634863536, 0.12982746358640682
0.06785248634863551, -0.12982746358640698
-0.08924357432795328, 0.1188312127330664
-0.08924357432795334, -0.11883121273306695
0.14877452577393685, -0.007071227099804105
0.14877452577393688, 0.0070712270998040515
0.049940633062422746, -0.14061946709312423
0.04994063306242302, 0.14061946709312462
0.10954591745776149, 0.10147223443044025
0.10954591745776156, -0.10147223443044061
-0.06753765136618932, 0.13324681121176427
-0.06753765136618975, -0.13324681121176477
-0.14982806670452306, -0.01085319092066595
-0.1498280667045237, 0.010853190920666264
0.09284848049868977, -0.118603349780347
0.09284848049869002, 0.11860334978034758
-0.034609926553933947, 0.14733322092524395
-0.03460992655393394, -0.14733322092524404
0.08031243482019802, -0.1290631259305036
0.0803124348201984, 0.12906312593050376
0.12701673886466358, -0.08355837737104256
0.1270167388646641, 0.08355837737104274
0.03691752476564202, -0.14771407510834528
0.036917524765642064, 0.14771407510834542
-0.1522551219717689, -0.0216948967957439
-0.1522551219717704, 0.021694896795743924
0.11938418986725358, 0.09742283737504165
0.11938418986725369, -0.09742283737504188
-0.09431940892179683, -0.1227273964180377
-0.09431940892179745, 0.12272739641803808
-0.02722259363420972, -0.15260241171362712
-0.027222593634209695, 0.15260241171362798
-0.08444381288387544, -0.13001713530328948
-0.08444381288387676, 0.1300171353032915
0.14078105276393937, -0.06705281845482396
0.14078105276393957, 0.06705281845482405
-0.12644460233810553, 0.0913040362231711
-0.12644460233810606, -0.09130403622317142
0.030584675315586087, -0.15296216780944955
0.030584675315586233, 0.15296216780944993
-0.12007051844207976, 0.09980535003151464
-0.12007051844207987, -0.09980535003151485
0.14808122943831833, 0.053383717984039084
0.14808122943831897, -0.05338371798403927
-0.07882537746395736, -0.13630045543134126
-0.07882537746395747, 0.13630045543134167
0.13443237646663952, 0.08247840155516692
0.13443237646664064, -0.08247840155516688
0.07786659361655228, -0.13718798910674548
0.07786659361655272, 0.1371879891067467
-0.0054727734703838155, 0.1584178789859339
-0.005472773470383912, -0.15841787898593462
0.10982159558645167, -0.11466374842918592
0.10982159558645209, 0.11466374842918656
-0.13359450870933465, 0.08670761927231235
-0.13359450870933473, -0.08670761927231284
-0.06869377773970788, -0.14378683795866448
-0.06869377773970826, 0.1437868379586651
0.0063003552627502865, 0.16072261996159395
0.006300355262750306, -0.16072261996159468
0.16107430490999536, -3.4557137135031566e-17
0.11716233112649556, 0.11065698637340929
0.11716233112649566, -0.11065698637340941
-0.15507069311406385, -0.048877163978106465
-0.15507069311406396, 0.048877163978106604
-0.1629323890897799, -1.5782604992304473e-16
0.07993588858087922, -0.1428435087917823
0.07993588858087931, 0.14284350879178237
-0.04317352190057832, 0.15831081005907452
-0.04317352190057841, -0.15831081005907485
-0.11188761365907993, -0.12022151799292048
-0.11188761365908051, 0.1202215179929207
0.1479291234776357, -0.07223802470265192
0.14792912347763615, 0.07223802470265223
-0.15047683125024947, 0.06948423810720109
-0.15047683125024963, -0.06948423810720122
0.16630267708967658, -0.0071870016467596625
0.16630267708967675, 0.0071870016467595315
0.030986865363731516, 0.16361346946446828
0.030986865363731644, -0.16361346946446872
-0.0777747773306723, -0.14762911792846706
-0.07777477733067226, 0.14762911792846714
0.16326130899616537, 0.03871442953888936
0.1632613089961659, -0.038714429538889386
0.059747612811411985, -0.157083302705801
0.059747612811412214, 0.15708330270580229
-0.12095302413248764, 0.11740358748266155
-0.1209530241324882, -0.11740358748266161
-0.12882548372510702, 0.11074127341291118
-0.12882548372510708, -0.1107412734129113
-0.17051309983979482, 8.82164434616852e-17
-0.17151490875087527, -0.017202202908724366
-0.17151490875087635, 0.01720220290872454
0.09942859200682283, -0.140811990371299
0.09942859200682347, 0.14081199037129952
0.16237520034445552, -0.05853460930999289
0.16237520034445568, 0.05853460930999269
0.006046033366638412, -0.17285578730595966
0.0060460333666383795, 0.17285578730595966
0.1685585672889867, 0.03979667460149538
0.16855856728898763, -0.039796674601495344
-0.06546843080169237, -0.16052638149757442
-0.06546843080169237, 0.16052638149757448
-0.15516079079558964, 0.07784098249913665
-0.15516079079559075, -0.0778409824991372
-0.030372353123346588, 0.17141222512023713
-0.030372353123346952, -0.17141222512023924
-0.05433218657954745, -0.1654273714415374
-0.05433218657954803, 0.16542737144153788
-0.17383578425789753, -0.021969253518174105
-0.17383578425789795, 0.021969253518173984
0.16345550473145198, -0.06434069545096836
0.16345550473145207, 0.06434069545096842
0.1370695837229725, 0.1105943329213293
0.13706958372297323, -0.11059433292132977
-0.16837572554822164, -0.0519213869953847
-0.16837572554822208, 0.05192138699538472
-0.1411885834165053, 0.10700802814363337
-0.14118858341650695, -0.10700802814363469
0.17840983078962053, -1.6151871783154813e-16
-0.04283359518998059, -0.17322510251895068
-0.04283359518998055, 0.17322510251895104
0.044723599526729524, 0.1727939553984989
0.04472359952672966, -0.17279395539849926
0.12108237924472728, 0.131832799511503
0.12108237924472745, -0.1318327995115032
-0.15544038762430565, -0.08951064835386166
-0.15544038762430568, 0.08951064835386206
-0.019264580953796517, 0.17855815631203745
-0.019264580953796778, -0.17855815631203806
-0.10542282728800081, -0.1461130718125329
-0.10542282728800138, 0.14611307181253338
0.08266531969675904, 0.16052089874781636
0.08266531969675935, -0.16052089874781647
0.08847257842804677, -0.1575550335903188
0.08847257842804689, 0.15755503359031903
0.07739423154487327, 0.16339940905199357
0.07739423154487372, -0.16339940905199393
0.062452630226633395, 0.1697793968567456
0.06245263022663392, -0.169779396856746
0.1809628498052269, 0.014081938053110619
0.18096284980522695, -0.014081938053110527
-0.09237448478820721, -0.15644188593002548
-0.09237448478820824, 0.15644188593002734
0.1554931381305249, -0.09490228306173219
0.15549313813052565, 0.09490228306173244
0.1500865744682162, -0.10501503749986027
0.1500865744682167, 0.1050150374998605
-0.08083560100853147, -0.16475488745974573
-0.08083560100853175, 0.16475488745974645
0.18108973600154182, 0.03079148090038848
0.18108973600154246, -0.03079148090038832
-0.02207688859497014, -0.18239118558050318
-0.02207688859496991, 0.1823911855805033
-0.18020664134534828, -0.03670150801793565
-0.1802066413453483, 0.03670150801793565
0.1644741916703739, -0.08342968453821652
0.16447419167037372, 0.08342968453821692
-0.052738392067235504, -0.17678594212446722
-0.05273839206723623, 0.1767859421244678
-0.14845735692191786, -0.10988482716088253
-0.1484573569219185, 0.10988482716088292
-0.14619795382643808, -0.11312411429520507
-0.14619795382643905, 0.1131241142952059
-0.18620592448834553, -9.348030117870144e-17
0.11684755266281571, 0.14542860490519605
0.11684755266281596, -0.14542860490519643
-0.13651656889468364, -0.1276774233152885
-0.13651656889468386, 0.12767742331528845
0.090703362752941, -0.16380469441244438
0.09070336275294097, 0.1638046944124449
0.16120067913432676, 0.09635052954395786
0.16120067913432728, -0.09635052954395815
-0.03130086635923106, -0.18588906228172314
-0.03130086635923075, 0.1858890622817249
-0.1858939681924944, -0.033611090929163104
-0.18589396819249565, 0.03361109092916307
0.12323009335638516, -0.14388570427993116
0.123230093356386, 0.1438857042799319
-0.17886082749927298, 0.062499537236761556
-0.1788608274992742, -0.06249953723676187
0.18054433998511085, -0.05768241358844017
0.18054433998511119, 0.05768241358843983
0.13967862179374227, 0.13009750203733803
0.13967862179374366, -0.13009750203733936
0.04277087405497411, 0.18632258274740332
0.04277087405497437, -0.18632258274740385
0.1340369489380541, 0.13635244525299064
0.13403694893805396, -0.13635244525299098
0.14836052010412185, -0.1219144808596716
0.1483605201041222, 0.12191448085967228
0.010021902221377665, 0.19192906538559512
0.010021902221378125, -0.19192906538559543
0.19241391070036273, -2.5408553507092373e-17
-0.05959088944598339, -0.18337721361189743
-0.05959088944598377, 0.18337721361189752
-0.12061003325313162, -0.1505597240671431
-0.1206100332531333, 0.15055972406714568
-0.10735438151982547, 0.16040680427747434
-0.10735438151982594, -0.16040680427747508
0.1904953724033742, 0.03666018292569852
0.19049537240337472, -0.036660182925698434
0.09039686036057225, -0.17272961650841573
0.0903968603605728, 0.17272961650841612
-0.17314138348540514, -0.08963789081608863
-0.17314138348540592, 0.08963789081608883
-0.16392720329363433, -0.10600866107815453
-0.16392720329363664, 0.10600866107815604
-0.1936551911175174, -0.024688408537943046
-0.19365519111751847, 0.024688408537943445
-0.09160008111532693, -0.17251595866385352
-0.09160008111532726, 0.17251595866385405
0.11301883525631558, -0.1594146527602053
0.11301883525631565, 0.15941465276020553
-0.18711154986714976, -0.057315340041503036
-0.18711154986715037, 0.05731534004150375
0.033212943539958295, -0.19342248610186075
0.033212943539958496, 0.19342248610186108
0.02558752654497906, -0.1955434331959942
0.02558752654497937, 0.19554343319599557
0.07807707300238212, 0.18424025688951529
0.07807707300238251, -0.18424025688951565
-0.20037031744254752, 0.0027443906066306483
-0.20037031744254813, -0.00274439060663009
0.18125503411866276, -0.08576647963867956
0.1812550341186639, 0.08576647963868013
0.20067816088773346, 0.004087079452001082
0.20067816088773457, -0.004087079452000999
0.0680088353482255, -0.18918928548241604
0.06800883534822526, 0.1891892854824163
-0.20078661945790308, -0.017475075383538475
-0.20078661945790466, 0.017475075383538614
-0.10341447519534527, -0.17299163625680283
-0.10341447519534643, 0.17299163625680558
-0.015717169614591048, -0.2013765187688712
-0.015717169614591426, 0.20137651876887272
0.008176816975695606, -0.2032953111554956
0.008176816975695552, 0.20329531115549643
-0.15136726939575465, -0.13838455358980326
-0.15136726939575793, 0.13838455358980503
-0.04038280624391418, -0.20194718803595668
-0.04038280624391396, 0.2019471880359585
0.21078485944629552, 4.474302386513617e-17
0.20899364340764937, 0.03081394811975882
0.20899364340765084, -0.030813948119759127
