0.2434939743685869, 5.150765228161285e-17
-0.21645381674961287, -0.12147279316618252
-0.21645381674961356, 0.12147279316618262
0.24937641414147751, -4.369698983472934e-17
-0.14678543425886387, -0.20219241143164585
-0.14678543425886467, 0.20219241143164682
0.2174569670970476, 0.1297840831656336
0.2174569670970476, -0.12978408316563358
-0.21285820119695137, -0.13849172727233316
-0.21285820119695273, 0.13849172727233428
0.05670554897250443, -0.24898968353832326
0.05670554897250394, 0.24898968353832351
-0.2539187246436038, 0.02815592405420625
-0.25391872464360393, -0.028155924054206468
0.2522091034091934, 0.04591682517651602
0.2522091034091934, -0.04591682517651605
0.2576005333027388, -1.5406094110815645e-17
-0.02697999472505231, 0.25620855890494876
-0.02697999472505275, -0.2562085589049495
0.22173841550424014, 0.13233393499527088
0.22173841550424025, -0.13233393499527069
-0.13680889363435114, -0.2206027670757006
-0.13680889363435172, 0.22060276707570212
-0.19865434735535623, 0.1695705391139107
-0.19865434735535642, -0.16957053911391062
-0.26137172701640776, -0.0177301089287282
-0.26137172701640793, 0.01773010892872847
-0.19271265553226374, 0.17776023090775228
-0.1927126555322639, -0.1777602309077527
-0.08947431283464714, -0.2465784332652835
-0.08947431283464746, 0.2465784332652844
0.08609800772663546, 0.2480812684523434
0.086098007726635, -0.24808126845234413
0.26256059456946806, 0.015775028082806515
0.2625605945694682, -0.015775028082806397
0.1650219328229793, -0.20705059700492134
0.16502193282297953, 0.20705059700492187
0.10495990276751115, 0.24402194309554825
0.10495990276751178, -0.24402194309554934
-0.25732374638986355, 0.06704748174713189
-0.25732374638986377, -0.06704748174713197
-0.13310664235331676, 0.2312539591933103
-0.13310664235331743, -0.2312539591933111
0.02989542832881806, -0.26534518374927174
0.029895428328817683, 0.2653451837492723
0.1818567740940201, -0.19842460657576597
0.18185677409402007, 0.1984246065757663
-0.22806821498363064, 0.14373417951249381
-0.22806821498363125, -0.14373417951249456
0.23780315663351856, -0.12768662534606287
0.23780315663351945, 0.12768662534606282
0.013253000519589244, -0.2702767682090474
0.01325300051958928, 0.2702767682090477
0.26781309254227387, 0.039511267344833644
0.26781309254227426, -0.0395112673448336
-0.27100533005653443, -4.0049912527986365e-16
-0.04280467529551101, -0.26802086334506453
-0.04280467529551138, 0.26802086334506575
0.06214903112736373, 0.2646256700585174
0.06214903112736362, -0.2646256700585176
0.08144668308928324, 0.2596337458916601
0.08144668308928389, -0.2596337458916607
0.20568645933360669, -0.17914829825539424
0.20568645933360738, 0.1791482982553955
-0.0005687237175199435, 0.27302190598362336
-0.0005687237175198914, -0.2730219059836243
-0.08982808881891272, -0.2581243148901026
-0.08982808881891297, 0.2581243148901027
-0.1925342054191857, 0.19426421803760485
-0.1925342054191862, -0.1942642180376056
0.11863758139838294, 0.24764494523754715
0.11863758139838362, -0.2476449452375493
-0.1736532352043909, 0.21297330175778928
-0.17365323520439202, -0.21297330175779047
-0.06821929498004477, -0.2668830942191972
-0.06821929498004495, 0.2668830942191974
0.21256059727171572, -0.17548777012153266
0.21256059727171675, 0.17548777012153263
-0.14517286985167602, -0.23674007317335266
-0.14517286985167696, 0.23674007317335324
0.18317211364979527, -0.20928103235370885
0.18317211364979546, 0.209281032353709
0.14718523038295067, -0.23747033069943352
0.1471852303829512, 0.23747033069943413
-0.023207379883689545, 0.27888399106638656
-0.023207379883689233, -0.2788839910663866
-0.2789881713426684, -0.026862992765355816
-0.27898817134266995, 0.02686299276535597
0.28046961677540533, -0.0014338440824132475
0.2804696167754056, 0.0014338440824131823
-0.26343536368369713, 0.09807514678836768
-0.26343536368370063, -0.0980751467883687
0.20937580304002307, 0.187575358767979
0.2093758030400235, -0.18757535876797965
0.2780309896528367, -0.04472516112583814
0.2780309896528373, 0.044725161125838374
0.10886820500296221, -0.25987893127793876
0.10886820500296292, 0.25987893127793954
0.0783512974683499, 0.2707912643054637
0.07835129746835029, -0.2707912643054656
-0.2761386820417708, -0.0570728505658791
-0.27613868204177205, 0.05707285056587936
-0.21958102983183359, -0.17818752363550222
-0.21958102983183417, 0.17818752363550197
-0.23754555464038077, 0.15434073643183838
-0.23754555464038152, -0.15434073643183926
-0.25076465024334715, -0.13294988434900157
-0.2507646502433479, 0.13294988434900318
0.13034189406730057, 0.25248155038069714
0.13034189406730137, -0.25248155038069914
-0.28495709596772456, -0.0064427716148898195
-0.2849570959677248, 0.006442771614889938
-0.042549880419229205, -0.28251879972632515
-0.042549880419230024, 0.28251879972632626
-0.21096255068554506, -0.19276427719026895
-0.21096255068554673, 0.19276427719027064
0.05400322035905273, 0.28062580848378016
0.054003220359053423, -0.2806258084837822
-0.25026713496365877, 0.138080533578896
-0.2502671349636609, -0.13808053357889832
0.23269184960293046, -0.17202377779924471
0.2326918496029313, 0.17202377779924546
-0.1366500687556273, 0.25557053223346315
-0.1366500687556272, -0.2555705322334635
0.2704367565316219, 0.10697000990463192
0.27043675653162264, -0.1069700099046326
0.2676528391612792, -0.1144878729848726
0.2676528391612796, 0.11448787298487308
-0.08859745961578998, 0.27740553824269304
-0.0885974596157902, -0.27740553824269326
-0.20417002583191812, 0.20824327837105625
-0.2041700258319187, -0.20824327837105783
0.2462700675373559, -0.1568932227664088
0.24627006753735617, 0.15689322276640924
0.18892517814107326, 0.22305569088454621
0.18892517814107326, -0.22305569088454621
0.028062676724846476, -0.2916674994708006
0.028062676724846046, 0.2916674994708008
0.0717001851259545, 0.2841662702855411
0.07170018512595498, -0.2841662702855425
-0.03738519255406816, 0.2908854243467938
-0.037385192554068844, -0.29088542434679465
0.2936593054997531, -1.5391995361609084e-16
0.29195502579551175, 0.034143300261574805
0.291955025795512, -0.03414330026157485
0.2578580279809435, 0.14123378155073604
0.2578580279809449, -0.14123378155073651
0.017050561002825947, -0.2935485591929279
0.0170505610028256, 0.2935485591929282
-0.05671622650979708, -0.2891837258479401
-0.05671622650979705, 0.2891837258479408
-0.28324998553292347, -0.08192761223821818
-0.2832499855329239, 0.08192761223821786
-0.24029316499024278, -0.17158945940276113
-0.24029316499024408, 0.17158945940276174
-0.17132658733643844, 0.24135627329734957
-0.17132658733643916, -0.24135627329735043
0.21501101650179316, -0.20409095629021418
0.21501101650179336, 0.20409095629021465
-0.2961819241405353, 0.017487987524628833
-0.29618192414053535, -0.0174879875246288
-0.15267074115131263, 0.25444574803958725
-0.1526707411513137, -0.25444574803959047
0.17768570731236194, -0.2394637907189185
0.17768570731236197, 0.23946379071891913
0.2254403051023735, 0.19542280492903816
0.22544030510237456, -0.19542280492903918
0.052704933010776736, 0.2941203920383381
0.05270493301077666, -0.2941203920383386
-0.291625611439718, -0.0687971479866437
-0.2916256114397181, 0.06879714798664367
0.30041298914584214, 0.0016670928718834856
0.3004129891458422, -0.001667092871883424
0.26029735799346804, -0.15174438711542726
0.2602973579934686, 0.1517443871154275
0.2988771268912126, -0.0409694824378766
0.29887712689121276, 0.04096948243787676
-0.22188850173902358, 0.20546506929216823
-0.2218885017390239, -0.2054650692921693
-0.2994694817868547, 0.04653657075221691
-0.29946948178685473, -0.046536570752217135
-0.28384504873668576, 0.10799622694264371
-0.28384504873668615, -0.10799622694264435
0.2757771269040762, -0.1328823144290579
0.2757771269040773, 0.13288231442905848
-0.22815556526861366, -0.20494972800756675
-0.2281555652686141, 0.2049497280075676
0.2974805091497027, -0.07490176350408638
0.297480509149704, 0.07490176350408666
0.07066153866202185, -0.29866228994607147
0.07066153866202157, 0.2986622899460716
0.19633803252080662, 0.2367285209856693
0.19633803252080675, -0.23672852098566993
-0.08666848136001848, 0.2953497781259567
-0.086668481360019, -0.295349778125959
-0.23660284742100968, 0.19690590249231035
-0.23660284742100957, -0.1969059024923108
-0.0033863701981514628, 0.3080418678810722
-0.003386370198151383, -0.30804186788107324
-0.12034726785549986, 0.28588851150576655
-0.12034726785549997, -0.2858885115057681
-0.31027068564552257, 1.447606006458851e-17
-0.1885580634752525, -0.24661291422929188
-0.1885580634752525, 0.24661291422929327
-0.2673037669833342, 0.1578789345835292
-0.2673037669833352, -0.15787893458352958
0.2435936339360957, 0.19481999157931856
0.24359363393609568, -0.19481999157931887
0.19508943967523448, -0.24356389874461973
0.19508943967523484, 0.24356389874462056
-0.019003234980930185, -0.3123741669445006
-0.01900323498093118, 0.3123741669445028
-0.10179352899772287, -0.2981560508743095
-0.10179352899772345, 0.298156050874311
-0.31401137698865933, -0.028908261613330318
-0.3140113769886602, 0.02890826161332973
0.21671933990207737, -0.22936322870981848
0.21671933990207842, 0.22936322870981987
-0.11611714815723835, 0.29378840900422104
-0.11611714815723785, -0.2937884090042218
-0.25510674008401796, -0.1863981361490915
-0.25510674008401807, 0.1863981361490915
0.06143152214831488, -0.31066415650552387
0.061431522148314974, 0.31066415650552415
0.08254814980455824, -0.3060933741986696
0.08254814980455856, 0.3060933741986696
-0.3099198908809061, 0.0699561855514772
-0.3099198908809065, -0.06995618555147802
0.14550978451429594, -0.28257015482988573
0.14550978451429655, 0.2825701548298856
-0.1662795016874352, 0.27087895984789084
-0.16627950168743538, -0.2708789598478913
0.3189816740558327, -7.216489464282146e-17
-0.05625409026778985, 0.31510024673786774
-0.056254090267790664, -0.3151002467378707
0.25951748786887185, -0.1901719755348968
0.25951748786887296, 0.190171975534897
0.32271017037214844, 0.009881734858194496
0.32271017037214844, -0.009881734858194614
-0.3236597560292164, -0.03594045928725853
-0.3236597560292169, 0.03594045928725858
-0.29599815204240953, 0.13631276893969138
-0.2959981520424119, -0.13631276893969163
0.13718415513186774, 0.29604649168558034
0.13718415513186727, -0.2960464916855811
0.3199127898014463, -0.07547285518939464
0.3199127898014469, 0.07547285518939491
-0.044937303812721305, -0.32983027230031664
-0.044937303812721846, 0.3298302723003222
-0.25422400481425567, 0.21793470736411766
-0.2542240048142563, -0.21793470736411802
0.23621792920012716, 0.24004742833154924
0.23621792920012782, -0.24004742833155093
0.33771465903782677, -0.007807211381196353
0.3377146590378272, 0.007807211381196321
