0.797564 0.603235
0.016976 -0.999856
-0.624466 -0.781052
-0.767996 -0.640455
-0.139899 -0.990166
-0.416293 0.909230
-0.455771 -0.890097
0.016976 0.999856
-0.589609 0.807689
-0.020641 -0.999787
-0.488926 0.872326
0.882232 0.470816
-0.795347 -0.606155
-0.999993 -0.003666
-0.064472 -0.997920
-0.589609 -0.807689
-0.450195 0.892930
0.958528 -0.284999
-0.880500 0.474047
-0.795347 0.606155
0.592566 -0.805522
1.000000 -0.000000
-0.220037 -0.975492
-0.455771 -0.890097
0.999038 0.043860
-0.880500 0.474047
0.979826 -0.199855
-0.183193 -0.983077
-0.020641 -0.999787
0.016976 -0.999856
1.000000 0.000000
-0.999993 0.003666
-0.488926 0.872326
0.902033 -0.431668
1.000000 -0.000000
-0.416293 -0.909230
-0.900444 0.434972
0.902033 -0.431668
-0.268686 -0.963228
-0.488926 -0.872326
-0.795347 0.606155
-0.416293 -0.909230
1.000000 0.000000
-0.619569 -0.784942
-0.880500 -0.474047
0.917629 0.397437
0.301230 0.953552
0.958528 0.284999
0.882232 0.470816
-0.064472 0.997920
-0.183193 0.983077
-0.220037 0.975492
-0.064472 -0.997920
-0.900444 0.434972
0.016976 -0.999856
-0.450195 -0.892930
0.902033 0.431668
-0.795347 0.606155
-0.416293 0.909230
-0.589609 -0.807689
1.000000 0.000000
-0.020641 0.999787
-0.589609 -0.807689
-0.020641 0.999787
-0.455771 0.890097
-0.553616 0.832772
-0.183193 0.983077
0.902033 0.431668
-0.589609 0.807689
1.000000 0.000000
0.902033 0.431668
-0.795347 -0.606155
-0.589609 0.807689
0.741598 -0.670844
-0.589609 0.807689
0.797564 -0.603235
-0.488926 -0.872326
-0.979086 0.203445
1.000000 -0.000000
0.016976 0.999856
0.902033 0.431668
-0.795347 -0.606155
0.882232 -0.470816
-0.619569 -0.784942
-0.416293 0.909230
-0.795347 -0.606155
1.000000 -0.000000
0.958528 0.284999
-0.589609 0.807689
0.987648 0.156687
-0.624466 0.781052
-0.880500 -0.474047
-0.488926 -0.872326
0.902033 -0.431668
0.979826 -0.199855
-0.416293 -0.909230
-0.416293 -0.909230
-0.220037 -0.975492
0.016976 0.999856
0.979826 0.199855
-0.880500 -0.474047
-0.795347 -0.606155
0.016976 0.999856
-0.139899 0.990166
0.222608 0.974908
-0.183193 -0.983077
-0.488926 0.872326
0.902033 0.431668
-0.979086 0.203445
1.000000 0.000000
1.000000 -0.000000
-0.268686 0.963228
-0.795347 0.606155
-0.220037 0.975492
-0.795347 0.606155
0.979826 0.199855
-0.020641 -0.999787
-0.020641 -0.999787
0.917629 -0.397437
1.000000 0.000000
-0.795347 0.606155
-0.767996 0.640455
-0.553616 -0.832772
-0.450195 -0.892930
-0.139899 0.990166
0.882232 -0.470816
0.656171 -0.754612
0.902033 -0.431668
0.882232 0.470816
-0.183193 -0.983077
0.979826 -0.199855
-0.619569 0.784942
-0.220037 -0.975492
-0.455771 -0.890097
-0.900444 -0.434972
0.412957 0.910751
0.882232 -0.470816
0.958528 0.284999
-0.416293 -0.909230
-0.767996 -0.640455
0.902033 0.431668
-0.795347 -0.606155
-0.416293 -0.909230
1.000000 0.000000
0.958528 0.284999
-0.880500 0.474047
0.592566 0.805522
1.000000 0.000000
-0.817582 -0.575813
0.987648 -0.156687
-0.795347 -0.606155
0.958528 -0.284999
-0.979086 -0.203445
-0.220037 -0.975492
-0.589609 -0.807689
-0.979086 -0.203445
0.797564 0.603235
-0.416293 0.909230
1.000000 -0.000000
-0.817582 0.575813
0.917629 0.397437
-0.795347 -0.606155
-0.455771 -0.890097
-0.455771 0.890097
-0.767996 -0.640455
-0.455771 0.890097
-0.817582 -0.575813
0.999038 -0.043860
0.958528 -0.284999
-0.183193 0.983077
-0.220037 0.975492
-0.589609 0.807689
-0.979086 0.203445
-0.589609 -0.807689
0.902033 -0.431668
-0.416293 -0.909230
0.016976 -0.999856
-0.589609 -0.807689
-0.589609 -0.807689
-0.488926 -0.872326
0.902033 -0.431668
0.902033 0.431668
0.741598 -0.670844
-0.416293 0.909230
0.970105 -0.242684
-0.880500 -0.474047
-0.658158 0.752880
-0.488926 0.872326
-0.589609 0.807689
-0.619569 0.784942
-0.795347 0.606155
0.902033 -0.431668
0.979826 0.199855
-0.658158 -0.752880
-0.183193 0.983077
-0.020641 0.999787
-0.767996 0.640455
-0.658158 0.752880
0.902033 0.431668
-0.880500 0.474047
-0.416293 0.909230
0.970105 0.242684
0.222608 -0.974908
0.979826 -0.199855
-0.767996 0.640455
0.999292 -0.037610
-0.589609 0.807689
0.592566 -0.805522
-0.416293 -0.909230
0.412957 -0.910751
-0.183193 -0.983077
0.741598 0.670844
0.970105 -0.242684
-0.020641 0.999787
0.987648 0.156687
-0.767996 -0.640455
-0.795347 0.606155
-0.918674 -0.395016
-0.455771 0.890097
-0.918674 0.395016
-0.450195 0.892930
0.882232 -0.470816
1.000000 0.000000
1.000000 0.000000
0.902033 -0.431668
-0.416293 0.909230
-0.220037 0.975492
-0.416293 0.909230
-0.064472 0.997920
0.222608 0.974908
-0.589609 -0.807689
0.987648 -0.156687
-0.767996 0.640455
0.412957 0.910751
-0.979086 -0.203445
0.797564 -0.603235
0.999292 0.037610
-0.900444 -0.434972
-0.658158 -0.752880
0.999038 -0.043860
-0.979086 -0.203445
0.917629 -0.397437
0.958528 -0.284999
-0.139899 -0.990166
-0.817582 0.575813
0.970105 0.242684
0.882232 0.470816
0.999038 0.043860
0.412957 -0.910751
0.656171 0.754612
0.222608 -0.974908
-0.979086 0.203445
0.741598 0.670844
0.979826 0.199855
0.592566 0.805522
0.301230 -0.953552
