0.410864 -0.000000
0.436637 0.000000
-0.411423 -0.148496
-0.411423 0.148496
0.087306 0.430134
0.087306 -0.430134
0.425132 -0.121158
0.425132 0.121158
0.267405 -0.353639
0.267405 0.353639
0.443395 0.000000
0.400841 0.189738
0.400841 -0.189738
-0.128739 -0.425566
-0.128739 0.425566
-0.219333 0.387067
-0.219333 -0.387067
0.445636 0.005753
0.445636 -0.005753
-0.108481 0.432832
-0.108481 -0.432832
-0.205650 0.396073
-0.205650 -0.396073
-0.253992 0.367168
-0.253992 -0.367168
-0.393537 0.212058
-0.393537 -0.212058
-0.364875 0.259197
-0.364875 -0.259197
-0.161281 -0.418418
-0.161281 0.418418
0.420432 -0.159953
0.420432 0.159953
-0.319624 -0.316908
-0.319624 0.316908
0.446235 0.062475
0.446235 -0.062475
0.024190 -0.450286
0.024190 0.450286
-0.093988 -0.444786
-0.093988 0.444786
0.365194 -0.270807
0.365194 0.270807
-0.002515 0.455014
-0.002515 -0.455014
0.049815 0.452954
0.049815 -0.452954
0.445518 0.096664
0.445518 -0.096664
0.175295 -0.421053
0.175295 0.421053
0.041564 0.454628
0.041564 -0.454628
-0.429334 0.156654
-0.429334 -0.156654
-0.338152 0.308435
-0.338152 -0.308435
0.438993 -0.129725
0.438993 0.129725
-0.301608 -0.344424
-0.301608 0.344424
-0.277364 0.364471
-0.277364 -0.364471
0.458042 0.022525
0.458042 -0.022525
-0.361190 -0.283616
-0.361190 0.283616
0.362629 0.284541
0.362629 -0.284541
-0.368305 0.277642
-0.368305 -0.277642
-0.110856 0.448884
-0.110856 -0.448884
-0.194244 0.419914
-0.194244 -0.419914
-0.244420 0.392837
-0.244420 -0.392837
-0.454577 0.090292
-0.454577 -0.090292
0.269249 -0.378344
0.269249 0.378344
0.447791 0.123611
0.447791 -0.123611
0.434253 -0.165698
0.434253 0.165698
-0.183254 -0.427255
-0.183254 0.427255
-0.462338 -0.048751
-0.462338 0.048751
-0.077423 -0.458721
-0.077423 0.458721
0.007942 0.465666
0.007942 -0.465666
0.416979 0.207636
0.416979 -0.207636
-0.288329 -0.365863
-0.288329 0.365863
-0.319224 -0.339754
-0.319224 0.339754
0.459982 0.077836
0.459982 -0.077836
0.432612 -0.174698
0.432612 0.174698
-0.267940 0.381990
-0.267940 -0.381990
0.466798 0.000000
-0.345431 -0.314303
-0.345431 0.314303
-0.022511 0.466705
-0.022511 -0.466705
0.467582 0.010153
0.467582 -0.010153
-0.199479 0.423052
-0.199479 -0.423052
0.374481 -0.282926
0.374481 0.282926
-0.248740 -0.398035
-0.248740 0.398035
-0.412258 0.225089
-0.412258 -0.225089
0.393873 0.255934
0.393873 -0.255934
-0.403309 -0.240991
-0.403309 0.240991
-0.134166 0.451140
-0.134166 -0.451140
-0.283988 0.375860
-0.283988 -0.375860
-0.328766 0.339505
-0.328766 -0.339505
-0.046042 -0.470354
-0.046042 0.470354
0.028316 0.473460
0.028316 -0.473460
0.418967 -0.226870
0.418967 0.226870
0.169016 0.445909
0.169016 -0.445909
-0.102505 0.465754
-0.102505 -0.465754
-0.143345 -0.455507
-0.143345 0.455507
0.338969 -0.337190
0.338969 0.337190
0.448019 0.169452
0.448019 -0.169452
-0.266705 -0.398467
-0.266705 0.398467
-0.194826 -0.438385
-0.194826 0.438385
0.480301 -0.004047
0.480301 0.004047
-0.281940 -0.390440
-0.281940 0.390440
-0.048249 -0.480283
-0.048249 0.480283
-0.413037 0.250451
-0.413037 -0.250451
-0.122357 -0.467793
-0.122357 0.467793
0.460526 -0.148068
0.460526 0.148068
-0.182864 0.448881
-0.182864 -0.448881
-0.468560 0.125166
-0.468560 -0.125166
0.479354 -0.074749
0.479354 0.074749
-0.370777 -0.313225
-0.370777 0.313225
0.396837 0.283579
0.396837 -0.283579
-0.336189 0.353565
-0.336189 -0.353565
0.479688 0.092388
0.479688 -0.092388
-0.383677 -0.302821
-0.383677 0.302821
-0.201395 0.446782
-0.201395 -0.446782
0.039505 0.488957
0.039505 -0.488957
-0.134953 0.472794
-0.134953 -0.472794
-0.472275 0.138714
-0.472275 -0.138714
0.348859 0.347299
0.348859 -0.347299
-0.132036 -0.474453
-0.132036 0.474453
0.474837 -0.131704
0.474837 0.131704
0.467196 -0.158317
0.467196 0.158317
-0.462462 -0.172743
-0.462462 0.172743
0.483781 -0.099125
0.483781 0.099125
0.449322 -0.205770
0.449322 0.205770
-0.263020 0.422354
-0.263020 -0.422354
-0.399494 -0.298373
-0.399494 0.298373
0.479107 -0.140334
0.479107 0.140334
0.499641 -0.011400
0.499641 0.011400
-0.362787 0.345515
-0.362787 -0.345515
-0.153703 0.478289
-0.153703 -0.478289
-0.229286 0.449378
-0.229286 -0.449378
-0.430399 0.263283
-0.430399 -0.263283
-0.315901 0.394418
-0.315901 -0.394418
-0.349464 0.366657
-0.349464 -0.366657
0.473065 0.186105
0.473065 -0.186105
0.509395 0.005837
0.509395 -0.005837
0.418037 0.291839
0.418037 -0.291839
-0.250867 0.443928
-0.250867 -0.443928
-0.209802 -0.464808
-0.209802 0.464808
-0.134249 -0.495032
-0.134249 0.495032
0.512205 0.058762
0.512205 -0.058762
-0.286636 -0.430209
-0.286636 0.430209
-0.316813 -0.412342
-0.316813 0.412342
0.473287 -0.222193
0.473287 0.222193
-0.416396 0.331886
-0.416396 -0.331886
0.025991 0.532603
0.025991 -0.532603
-0.470128 0.262596
-0.470128 -0.262596
-0.345341 0.422180
-0.345341 -0.422180
0.022794 0.545057
0.022794 -0.545057
0.547720 -0.000000
-0.223960 0.517426
-0.223960 -0.517426
0.582186 -0.000000
0.648684 -0.000000
1.000000 -0.000000
