0.973451 -0.228894
0.907081 0.420956
0.833606 0.552360
1.000000 0.000000
-0.775150 -0.631778
0.942188 0.335084
0.199748 0.979847
-0.775150 0.631778
1.000000 0.000000
0.939371 -0.342902
-0.355087 0.934833
0.762094 -0.647466
0.331113 -0.943591
-0.468806 -0.883301
-0.788632 -0.614865
0.593660 0.804716
0.970333 -0.241771
1.000000 -0.000000
0.939371 0.342902
0.680674 0.732586
0.648154 0.761509
0.593660 -0.804716
0.955106 -0.296264
0.166669 0.986013
-0.737216 0.675657
-0.996781 0.080173
0.353738 -0.935345
-0.942035 -0.335514
0.707739 0.706474
-0.394253 0.919002
-0.924204 -0.381899
1.000000 0.000000
0.916642 -0.399709
0.541474 0.840717
0.466663 -0.884435
-0.241342 0.970440
-0.752135 0.659009
0.372794 -0.927914
0.970333 0.241771
-0.737216 -0.675657
-0.997035 -0.076946
0.135681 0.990753
-0.999091 0.042636
0.811525 -0.584318
-0.146142 0.989264
-0.788632 0.614865
-0.997150 0.075447
0.942188 -0.335084
0.833606 -0.552360
0.937907 -0.346888
0.206096 -0.978532
-0.355087 -0.934833
0.662171 0.749353
-0.802319 0.596895
-0.875207 0.483749
0.937907 0.346888
1.000000 -0.000000
0.464212 0.885724
0.418726 0.908113
0.776141 -0.630560
-0.802319 -0.596895
0.973451 0.228894
1.000000 -0.000000
-0.099514 -0.995036
-0.405697 -0.914008
0.648154 -0.761509
0.424605 0.905379
0.166669 -0.986013
-0.427588 -0.903974
-0.405697 0.914008
-0.529980 0.848010
-0.997150 -0.075447
0.399450 -0.916755
0.165955 0.986133
0.600664 0.799501
-0.146142 -0.989264
-0.099514 0.995036
0.762094 0.647466
-0.875207 -0.483749
0.907081 -0.420956
-0.752135 -0.659009
-0.901131 -0.433548
0.199748 -0.979847
0.955106 0.296264
-0.609960 -0.792432
-0.410443 0.911886
-0.493012 0.870023
0.711402 0.702786
-0.996781 -0.080173
0.048226 -0.998836
-0.194655 -0.980872
0.811525 0.584318
0.424605 -0.905379
0.741644 -0.670793
-0.997035 0.076946
0.011559 -0.999933
0.066359 0.997796
-0.241342 -0.970440
-0.297201 -0.954815
0.963484 -0.267767
-0.493012 -0.870023
-0.457063 0.889434
-0.694515 0.719478
0.135681 -0.990753
0.835389 0.549659
0.466663 0.884435
0.656232 0.754559
-0.998212 0.059769
0.741644 0.670793
0.541474 -0.840717
0.656232 -0.754559
0.776141 0.630560
1.000000 0.000000
1.000000 -0.000000
0.353738 0.935345
-0.141450 0.989945
-0.476502 0.879174
0.175783 0.984429
0.873607 0.486633
-0.840228 -0.542233
0.464212 -0.885724
-0.609960 0.792432
0.821464 0.570260
-0.959143 0.282922
0.427594 0.903971
-0.941606 -0.336716
0.821464 -0.570260
-0.694515 -0.719478
-0.427588 0.903974
-0.834402 -0.551156
0.165955 -0.986133
-0.901131 0.433548
0.600664 -0.799501
0.705780 0.708431
-0.297201 0.954815
-0.426026 0.904711
-0.468806 0.883301
0.963484 0.267767
0.372794 0.927914
-0.942035 0.335514
0.865852 -0.500300
0.662171 -0.749353
0.220362 0.975418
-0.426026 -0.904711
-0.648821 0.760941
-0.878700 0.477375
1.000000 0.000000
0.066359 -0.997796
1.000000 -0.000000
1.000000 0.000000
-0.952953 0.303119
0.220362 -0.975418
-0.997704 0.067720
0.705780 -0.708431
-0.289255 0.957252
-0.962699 0.270576
-0.821502 -0.570205
-0.908856 -0.417110
-0.599962 0.800029
-0.989118 0.147124
-0.487829 0.872939
-0.131682 -0.991292
0.965529 -0.260296
-0.242045 0.970265
-0.960532 -0.278171
0.371191 -0.928557
-0.943139 -0.332400
-0.131682 0.991292
1.000000 0.000000
0.418726 -0.908113
-0.854080 -0.520142
-0.878700 -0.477375
1.000000 -0.000000
0.873607 -0.486633
1.000000 -0.000000
-0.662176 -0.749349
-0.832264 -0.554380
0.792810 0.609468
0.837599 0.546286
0.965529 0.260296
0.835389 -0.549659
0.145273 -0.989392
-0.123760 0.992312
-0.908856 0.417110
-0.932850 0.360264
-0.941606 0.336716
-0.998212 -0.059769
0.140583 -0.990069
-0.487829 -0.872939
0.206096 0.978532
-0.960532 0.278171
0.965059 0.262033
0.371191 0.928557
-0.098243 0.995162
-0.410443 -0.911886
0.865852 0.500300
1.000000 0.000000
0.845066 -0.534662
-0.840228 0.542233
-0.289255 -0.957252
-0.959143 -0.282922
-0.997704 -0.067720
0.792810 -0.609468
0.837599 -0.546286
-0.529980 -0.848010
-0.599962 -0.800029
-0.648821 -0.760941
-0.703760 0.710438
-0.821502 0.570205
-0.832264 0.554380
-0.658543 0.752543
-0.242045 -0.970265
-0.952953 -0.303119
0.130887 -0.991397
-0.394253 -0.919002
-0.098243 -0.995162
-0.141450 -0.989945
-0.943139 0.332400
-0.962699 -0.270576
-0.662176 0.749349
0.140583 0.990069
-0.123760 -0.992312
0.916642 0.399709
-0.457063 -0.889434
0.048226 0.998836
0.130887 0.991397
1.000000 -0.000000
-0.924204 0.381899
0.331113 0.943591
0.680674 -0.732586
0.425966 -0.904739
-0.932850 -0.360264
-0.194655 0.980872
-0.980940 0.194312
-0.834402 0.551156
-0.063448 0.997985
-0.999091 -0.042636
0.707739 -0.706474
0.175783 -0.984429
-0.703760 -0.710438
0.399450 0.916755
-0.659272 0.751904
-0.063448 -0.997985
-0.854080 0.520142
0.845066 0.534662
0.011559 0.999933
-0.658543 -0.752543
0.145273 0.989392
0.965059 -0.262033
-0.989118 -0.147124
-0.659272 -0.751904
0.427594 -0.903971
-0.476502 -0.879174
0.711402 -0.702786
-0.980940 -0.194312
0.425966 0.904739
