0.362069 -0.000000
-0.274028 -0.251127
-0.274028 0.251127
0.376222 -0.000000
-0.081660 0.367476
-0.081660 -0.367476
0.045903 0.374290
0.045903 -0.374290
0.207118 0.316303
0.207118 -0.316303
0.332693 0.182471
0.332693 -0.182471
0.364457 -0.111283
0.364457 0.111283
-0.380991 0.029841
-0.380991 -0.029841
0.382649 0.000000
-0.081624 -0.375359
-0.081624 0.375359
0.344820 -0.171649
0.344820 0.171649
-0.316148 0.220293
-0.316148 -0.220293
-0.054412 0.381870
-0.054412 -0.381870
0.108364 0.371352
0.108364 -0.371352
-0.228867 -0.311982
-0.228867 0.311982
-0.148305 -0.357444
-0.148305 0.357444
-0.361611 -0.138581
-0.361611 0.138581
0.158458 0.353948
0.158458 -0.353948
0.388256 -0.000000
-0.385706 -0.054065
-0.385706 0.054065
-0.389314 -0.011372
-0.389314 0.011372
-0.370275 -0.121990
-0.370275 0.121990
-0.180255 -0.346694
-0.180255 0.346694
-0.388115 0.047050
-0.388115 -0.047050
-0.275235 0.278640
-0.275235 -0.278640
0.277951 -0.275937
0.277951 0.275937
-0.246727 -0.304632
-0.246727 0.304632
0.361652 -0.151551
0.361652 0.151551
-0.133972 0.368616
-0.133972 -0.368616
0.196843 0.340348
0.196843 -0.340348
0.086845 -0.383667
0.086845 0.383667
-0.225161 0.322567
-0.225161 -0.322567
0.208181 -0.334273
0.208181 0.334273
0.191512 -0.344326
0.191512 0.344326
0.266819 0.290288
0.266819 -0.290288
0.394601 0.004372
0.394601 -0.004372
-0.050236 0.391935
-0.050236 -0.391935
-0.341234 -0.199414
-0.341234 0.199414
-0.087150 -0.386740
-0.087150 0.386740
-0.340026 -0.203966
-0.340026 0.203966
0.299974 -0.260285
0.299974 0.260285
0.021711 -0.396631
0.021711 0.396631
0.350987 0.189003
0.350987 -0.189003
0.010157 0.398989
0.010157 -0.398989
0.263337 -0.300152
0.263337 0.300152
0.381006 0.120330
0.381006 -0.120330
-0.295126 -0.270401
-0.295126 0.270401
-0.400279 0.017149
-0.400279 -0.017149
0.338274 0.215092
0.338274 -0.215092
-0.125691 -0.381384
-0.125691 0.381384
0.320915 -0.241525
0.320915 0.241525
-0.316264 -0.247761
-0.316264 0.247761
0.040425 -0.400505
0.040425 0.400505
0.125637 0.383101
0.125637 -0.383101
-0.383395 0.127211
-0.383395 -0.127211
0.093947 0.392882
0.093947 -0.392882
0.404490 0.000000
-0.073715 -0.398313
-0.073715 0.398313
-0.142761 -0.379160
-0.142761 0.379160
0.199085 -0.353634
0.199085 0.353634
-0.402377 -0.054301
-0.402377 0.054301
0.397126 0.085299
0.397126 -0.085299
0.336398 -0.227912
0.336398 0.227912
0.113178 -0.390642
0.113178 0.390642
0.292062 0.283287
0.292062 -0.283287
-0.336825 -0.228772
-0.336825 0.228772
-0.202478 0.353489
-0.202478 -0.353489
-0.369903 0.172711
-0.369903 -0.172711
-0.374646 0.162262
-0.374646 -0.162262
0.250726 -0.322380
0.250726 0.322380
0.024040 -0.407951
0.024040 0.407951
-0.356362 0.201613
-0.356362 -0.201613
0.109943 -0.394589
0.109943 0.394589
-0.316422 0.262777
-0.316422 -0.262777
0.311996 0.269989
0.311996 -0.269989
-0.040853 -0.411409
-0.040853 0.411409
-0.083969 -0.405669
-0.083969 0.405669
-0.158657 -0.382689
-0.158657 0.382689
-0.213495 -0.355130
-0.213495 0.355130
-0.284288 -0.302110
-0.284288 0.302110
-0.412807 0.046384
-0.412807 -0.046384
-0.398614 0.116977
-0.398614 -0.116977
-0.319429 -0.266321
-0.319429 0.266321
0.415988 -0.005116
0.415988 0.005116
-0.262679 0.323227
-0.262679 -0.323227
0.365108 0.200584
0.365108 -0.200584
-0.242130 0.339268
-0.242130 -0.339268
0.237643 -0.342667
0.237643 0.342667
0.410617 -0.073088
0.410617 0.073088
0.406866 -0.092973
0.406866 0.092973
-0.263233 0.324243
-0.263233 -0.324243
0.167904 0.382990
0.167904 -0.382990
0.386964 -0.158984
0.386964 0.158984
-0.355742 0.221262
-0.355742 -0.221262
0.037464 -0.418068
0.037464 0.418068
0.052587 0.417403
0.052587 -0.417403
0.187787 0.378126
0.187787 -0.378126
-0.420569 -0.045603
-0.420569 0.045603
-0.300665 0.297647
-0.300665 -0.297647
0.352452 0.235324
0.352452 -0.235324
0.409565 0.108957
0.409565 -0.108957
-0.000021 0.425045
-0.000021 -0.425045
0.115917 0.409212
0.115917 -0.409212
0.245831 0.347701
0.245831 -0.347701
-0.201431 0.375413
-0.201431 -0.375413
0.315856 0.286765
0.315856 -0.286765
-0.386353 0.181720
-0.386353 -0.181720
0.371129 -0.211254
0.371129 0.211254
-0.072395 -0.420913
-0.072395 0.420913
-0.239070 0.354243
-0.239070 -0.354243
0.427336 0.007779
0.427336 -0.007779
0.330257 -0.272235
0.330257 0.272235
0.018786 0.428777
0.018786 -0.428777
-0.164554 0.396497
-0.164554 -0.396497
-0.320941 0.286895
-0.320941 -0.286895
0.400285 0.160834
0.400285 -0.160834
-0.426248 0.067027
-0.426248 -0.067027
0.341704 -0.264615
0.341704 0.264615
-0.229199 -0.366687
-0.229199 0.366687
0.434397 0.005988
0.434397 -0.005988
0.138270 0.412128
0.138270 -0.412128
-0.075077 -0.429391
-0.075077 0.429391
-0.086880 -0.427427
-0.086880 0.427427
-0.432821 -0.056796
-0.432821 0.056796
-0.413514 0.140693
-0.413514 -0.140693
0.321056 -0.298750
0.321056 0.298750
-0.354116 0.262919
-0.354116 -0.262919
0.426046 0.132257
0.426046 -0.132257
0.450203 0.005084
0.450203 -0.005084
1.000000 -0.000000
